File Ref Stuff 2

a.wav 6760 bytes

07/06/2006 08:32

00 00 00 00 01 4E 00 02 00 00

00 00 00 00 00 00 00 00 00 00 00 00 00 00 00 00
00 00 00 00 00 00 00 00 00 00 00 00 00 00 00 00
00 00 00 00 00 00 00 00 00 00 00 00 00 00 00 00
00 00 00 00 00 00 00 00 00 00 00 05 C9 8C C0 AC
3F AB 00 00 00 00 00 00 00 00 FF FF FF FF 00 00
09 20 00 00 00 00 00 00 00 00 00 00 00 00 00 00
00

b.wav 208 bytes

11/12/2005 01:09

00 00 00 00 01 4E 00 02 00 00

00 00 00 00 00 00 00 00 00 00 00 00 00 00 00 00
00 00 00 00 00 00 00 00 00 00 00 00 00 00 00 00
00 00 00 00 00 00 00 00 00 00 00 00 00 00 00 00
00 00 00 00 00 00 00 00 05 BB 93 C0 AC 3F AB 00
00 00 00 00 00 00 00 FF FF FF FF 00 00 09 20 00
00 00 00 00 00 00 00 00 00 00 00 00 00 00


test.wav 6760

07/06/2006 08:32

00 00 00 00 01 5A 00 02 00 00

00 00 00 00 00 00 00 00 00 00 00 00 00 00 00 00
00 00 00 00 00 00 00 00 00 00 00 00 00 00 00 00
00 00 00 00 00 00 00 00 00 00 00 00 00 00 00 00
00 00 00 00 00 00 00 00 00 00 00 05 C9 8C C0 AC
3F AB 00 00 00 00 00 00 00 00 FF FF FF FF 00 00
09 20 00 00 00 00 00 00 00 00 00 00 00 00 00 00
00

S14.aif 2453

26/01/2012 17:43

00 00 00 00 01 56 00 02 00 00

00 00 00 00 00 00 00 00 00 00 00 00 00 00 00 00
00 00 00 00 00 00 00 00 00 00 00 00 00 00 00 00
00 00 00 00 00 00 00 00 00 00 00 00 00 00 00 00
00 00 00 00 00 00 00 00 00 06 4B DD CB 47 41 26
41 49 46 46 00 00 00 00 FF FF FF FF 00 00 09 20
00 00 00 00 00 00 00 00 00 00 00 00 00 00 00
