Live Data Blocks

FileRef : 			00 00 00 00 01 4E 00 02 00 00
Source Context : 	00 00 00 00 01 3E 00 02 00 01


Stuff 1 :

Source Context :

00 00 00 00 00 00 00 00 00 00 00 00 00 00 00 00
00 00 CA A4 C7 7D 48 2B 00 00 00 04 4A 33

File Ref :

00 00 00 00 00 00 00 00 00 00 00 00 00 00 00 00
00 00 CA A4 C7 7D 48 2B 00 00 00 04 4A 34

Stuff 2 :

Source Context :

00 00 00 00 00 00 00 00 00 00 00 00 00 00 00 00
00 00 00 00 00 00 00 00 00 00 00 00 00 00 00 00
00 00 00 00 00 00 00 00 00 00 00 00 00 00 00 00
00 00 00 00 00 00 00 04 4A 34 CA A4 C8 48 00 00
00 00 00 00 00 00 FF FF FF FF 00 00 09 20 00 00
00 00 00 00 00 00 00 00 00 00 00 00 00

File Ref :

00 00 00 00 00 00 00 00 00 00 00 00 00 00 00 00
00 00 00 00 00 00 00 00 00 00 00 00 00 00 00 00
00 00 00 00 00 00 00 00 00 00 00 00 00 00 00 00
00 00 00 00 00 00 00 00 00 00 00 05 C5 70 BF C1
2C D1 00 00 00 00 00 00 00 00 FF FF FF FF 00 00
09 20 00 00 00 00 00 00 00 00 00 00 00 00 00 00
00

File Ref :

00 00 00 00 00 00 00 00 00 00 00 00 00 00 00 00
00 00 00 00 00 00 00 00 00 00 00 00 00 00 00 00
00 00 00 00 00 00 00 00 00 00 00 00 00 00 00 00
00 00 00 00 00 00 00 00 05 BB 93 C0 AC 3F AB 00
00 00 00 00 00 00 00 FF FF FF FF 00 00 09 20 00
00 00 00 00 00 00 00 00 00 00 00 00 00 00

Stuff 3 :

Source Context :

00 10 00 08 00 00 CA A4 B9 6D 00 00 00 11 00 08
00 00 CA A4 BA 38 00 00 00 01 00 08 00 04 4A 33
00 00 BE D7 00 02 00

File Ref :

00 00 10 00 08 00 00 CA A4 B9 6D 00 00 00 11 00
08 00 00 BF C1 2C D1 00 00 00 01 00 0C 00 04 4A
34 00 04 4A 33 00 00 BE D7 00 02 00


Stuff 4 :

Source Context :

00 0E 00 14 00

File Ref : 

00 00 0E 00 0C 00

